# Created by Octave 8.4.0, Mon Dec 11 18:04:07 2023 GMT <unknown@MainScreen>
# name: ans
# type: scalar
5


# name: b
# type: scalar
2


# name: m
# type: scalar
5


# name: x
# type: matrix
# rows: 1
# columns: 21
 -10 -9 -8 -7 -6 -5 -4 -3 -2 -1 0 1 2 3 4 5 6 7 8 9 10


# name: y
# type: matrix
# rows: 1
# columns: 21
 -48 -43 -38 -33 -28 -23 -18 -13 -8 -3 2 7 12 17 22 27 32 37 42 47 52


