# Created by Octave 8.4.0, Mon Dec 11 18:41:28 2023 GMT <unknown@MainScreen>
# name: mask
# type: matrix
# rows: 1
# columns: 3
 0.33333333333333331 0.33333333333333331 0.33333333333333331


# name: maskedY
# type: matrix
# rows: 1
# columns: 100
 -0.036355889013072205 -0.059880499138953568 -0.0072511018920072738 0.17996120485255285 0.27012591296261679 0.31513309777098719 0.32661096986715243 0.47973063764933521 0.52467321145588475 0.58804513395098812 0.54055215508135501 0.62815146011620515 0.71471625288214746 0.87259393965973098 0.89526200147125323 0.88448325672475248 0.8943119969647374 0.95349487507583297 0.98033678792464951 0.94628554410427568 0.9165980440328213 0.98503046049745757 1.0107534944569234 1.0624079422698005 1.0264670586620448 1.0033202976664757 0.98023020385007553 0.95498013303321061 0.99607280006293553 0.9582451737675024 0.93757904548404958 0.86448677229841575 0.8172845560098061 0.81680108035499588 0.77461311429896418 0.71812417045989474 0.66897466225211089 0.66711978912592085 0.68936978365575574 0.62833672643941507 0.54533562350968712 0.49982674491432066 0.38095718297297865 0.38435122217154932 0.35002898071111105 0.34403685960455399 0.27326001439678815 0.16691687361717727 0.05098462433990119 -0.081265877978853762 -0.10681663240607224 -0.095746866202733816 -0.096053463783363768 -0.18394253644972774 -0.26677843418829933 -0.35950011421652939 -0.40957016880610031 -0.50047527278617665 -0.54452792613380696 -0.63090652948558423 -0.65977603167224519 -0.73390670901341815 -0.69889532101572582 -0.73512283685891355 -0.71991145823323899 -0.82667272849020124 -0.83110036797541753 -0.87660280275173763 -0.91252708831812945 -0.89114850615754415 -0.8659479417226198 -0.88480244772749794 -0.98588445451182949 -0.99115454312926532 -0.9581674948210176 -0.9571979988709669 -0.98687454890818194 -1.0252915977645478 -1.0009033647346388 -0.97580704574703925 -0.89650037167036545 -0.8281633563664812 -0.8465050711697788 -0.84409632195211803 -0.82558446043087086 -0.80554305352261513 -0.81144360025103324 -0.80767795227794215 -0.70909367771030818 -0.63138946743659419 -0.55958079400093463 -0.48340590621437285 -0.36008079209866783 -0.31128821420282632 -0.29340601929488025 -0.2408067750399191 -0.12407781535255057 -0.073860943723957989 -0.038446398695255395 -0.026082797392658206


# name: noise
# type: matrix
# rows: 1
# columns: 100
 0.051648845966986927 -0.22414043266276804 -0.19716628395139338 0.020285793347415607 0.1497724200463976 -0.11211315174593926 -0.027103863527390679 0.0055591114268009612 0.17308256119862758 -0.061254503903012264 0.032561861946642359 -0.12598724899634234 0.052105217175023824 0.15057246064157626 0.21428695673119075 -0.004387537958633103 0.0031025051100927598 0.13846627829532024 0.078105053070471192 -0.0007941866590499406 -0.037136331162293167 -0.073137020112915216 0.15384316998775771 0.0010965476989239064 0.054770552466249803 0.030954144502823668 -0.071360046778471742 -0.0054538316808756641 -0.023724386488674701 0.084930571702703586 -0.074116087400910816 -0.029274619228835775 -0.066497863585591704 -0.13674732133650985 0.059059393276543727 -0.092829827993183303 -0.1959383234235377 0.031486551909100657 0.03059839264278677 0.0084022482996203383 -0.0059783122238293842 -0.065313307203511736 0.031808077006715486 -0.19645766959169822 0.11652605863993777 0.10533531751138157 -0.033814030291296628 0.088214270368959097 -0.027017591290203775 -0.19302817883465173 -0.11880790711588846 0.086442232036505376 0.029910449246780851 0.068854899430694824 0.0094515275746606051 -0.034578496616614857 -0.028690138033922442 0.035735328691928768 -0.13563656030910634 0.0052812303793437244 -0.063468016870208407 -0.06915345792620374 -0.071476494128083351 0.17915673525652187 -0.048843165441227084 0.094033325004849178 -0.030851246084184332 0.038105849863628034 0.047310460145698938 -0.059648687853129746 0.17008998061398967 0.17936030556066901 -0.07139158270149952 -0.10014342234700467 0.18462172116745806 0.036615459525318743 -0.10025124598754054 0.080525696394146237 -0.10569145790324469 -0.066022769914994034 0.10515476060984329 0.070048991357753457 0.065539398000166837 -0.0342928141156418 -0.017780804293446913 0.01576808340808334 -0.089302314682855266 -0.15997938504692488 -0.10629382727786102 0.064766729417153793 -0.076304948252297472 -0.047458680556953049 0.13017837581137007 0.12469203229954817 -0.075244237271410136 0.0051780356271156607 0.10007855376451423 0.08950164966595836 -0.031895417011621484 0.017070944490211636


# name: wind
# type: scalar
3


# name: x
# type: matrix
# rows: 1
# columns: 100
 0 0.063466518254339258 0.12693303650867852 0.19039955476301779 0.25386607301735703 0.31733259127169627 0.38079910952603557 0.44426562778037482 0.50773214603471406 0.5711986642890533 0.63466518254339255 0.69813170079773179 0.76159821905207115 0.82506473730641039 0.88853125556074963 0.95199777381508888 1.0154642920694281 1.0789308103237674 1.1423973285781066 1.2058638468324459 1.2693303650867851 1.3327968833411243 1.3962634015954636 1.4597299198498028 1.5231964381041423 1.5866629563584815 1.6501294746128208 1.71359599286716 1.7770625111214993 1.8405290293758385 1.9039955476301778 1.967462065884517 2.0309285841388562 2.0943951023931957 2.1578616206475347 2.2213281389018742 2.2847946571562132 2.3482611754105527 2.4117276936648917 2.4751942119192312 2.5386607301735702 2.6021272484279097 2.6655937666822487 2.7290602849365881 2.7925268031909272 2.8559933214452666 2.9194598396996057 2.9829263579539451 3.0463928762082846 3.1098593944626236 3.1733259127169626 3.2367924309713016 3.3002589492256411 3.3637254674799806 3.4271919857343196 3.4906585039886591 3.5541250222429981 3.6175915404973376 3.6810580587516766 3.744524577006016 3.8079910952603551 3.8714576135146945 3.9349241317690336 3.998390650023373 4.0618571682777116 4.1253236865320515 4.1887902047863905 4.2522567230407304 4.3157232412950695 4.3791897595494085 4.4426562778037475 4.5061227960580865 4.5695893143124264 4.6330558325667655 4.6965223508211045 4.7599888690754444 4.8234553873297834 4.8869219055841224 4.9503884238384614 5.0138549420928014 5.0773214603471404 5.1407879786014794 5.2042544968558193 5.2677210151101583 5.3311875333644974 5.3946540516188364 5.4581205698731754 5.5215870881275153 5.5850536063818543 5.6485201246361934 5.7119866428905333 5.7754531611448723 5.8389196793992113 5.9023861976535503 5.9658527159078902 6.0293192341622293 6.0927857524165683 6.1562522706709073 6.2197187889252472 6.2831853071795862


